Baseline with 50 epochs: 
VALIDATION
[12.6, 32.5, 32.59, 56.68, 66.71, 79.95, 82.12, 86.1, 88.16, 88.76, 89.53, 90.45, 91.38, 91.24, 91.28, 91.83, 92.08, 92.58, 92.73, 92.73, 92.93, 93.28, 93.39, 93.42, 93.64, 93.77, 93.88, 93.69, 94.1, 94.22, 94.51, 94.45, 94.74, 94.45, 94.84, 94.82, 94.98, 94.77, 94.93, 94.3, 94.98, 95.09, 94.76, 94.74, 95.27, 95.35, 95.26, 95.29, 95.25, 95.12]

TRAIN
[13.233333333333333, 33.13333333333333, 33.4, 57.96666666666667, 67.66666666666667, 81.53333333333333, 83.33333333333333, 87.76666666666667, 89.1, 90.46666666666667, 91.1, 92.0, 92.9, 93.1, 93.86666666666666, 93.86666666666666, 94.36666666666666, 94.83333333333333, 95.13333333333334, 95.2, 95.23333333333333, 95.93333333333334, 96.0, 96.06666666666666, 96.33333333333333, 96.1, 96.4, 96.63333333333334, 96.83333333333333, 96.63333333333334, 96.76666666666667, 97.0, 96.93333333333334, 97.33333333333333, 97.33333333333333, 97.36666666666666, 97.2, 97.3, 97.33333333333333, 97.13333333333334, 97.5, 97.63333333333334, 97.46666666666667, 97.76666666666667, 97.83333333333333, 97.63333333333334, 97.76666666666667, 97.8, 97.9, 97.83333333333333]



Xavier initialization with 50 epochs:
[27.61, 38.13, 47.88, 58.75, 69.34, 78.51, 82.65, 86.54, 87.22, 89.19, 90.11, 90.45, 91.6, 91.63, 92.38, 92.93, 92.84, 93.0, 93.22, 93.28, 93.4, 93.82, 93.87, 94.07, 94.02, 94.27, 94.38, 94.4, 94.4, 94.6, 94.74, 94.51, 94.57, 94.92, 94.79, 95.04, 95.12, 95.21, 95.23, 95.1, 95.26, 95.37, 95.34, 95.47, 95.56, 95.49, 95.61, 95.61, 95.48, 95.78]

[28.466666666666665, 39.266666666666666, 48.06666666666667, 59.56666666666667, 70.56666666666666, 80.03333333333333, 84.2, 88.06666666666666, 88.56666666666666, 90.6, 91.33333333333333, 92.26666666666667, 93.06666666666666, 93.33333333333333, 93.83333333333333, 94.43333333333334, 94.43333333333334, 94.96666666666667, 95.16666666666667, 95.03333333333333, 95.3, 95.76666666666667, 95.66666666666667, 95.86666666666666, 96.1, 96.06666666666666, 96.4, 96.63333333333334, 96.43333333333334, 96.7, 96.73333333333333, 96.6, 96.63333333333334, 96.86666666666666, 96.93333333333334, 97.03333333333333, 97.16666666666667, 97.13333333333334, 97.26666666666667, 97.16666666666667, 97.46666666666667, 97.2, 97.3, 97.5, 97.7, 97.83333333333333, 97.93333333333334, 97.6, 97.63333333333334, 97.9]



Xavier initialization and data augmentation with 50 epochs:
[55.83, 80.94, 87.8, 90.9, 92.75, 93.51, 93.69, 94.93, 95.13, 95.4, 95.35, 95.59, 95.69, 95.81, 95.98, 96.0, 96.19, 96.08, 96.2, 96.07, 96.31, 96.6, 96.42, 96.53, 96.65, 96.62, 96.53, 96.57, 96.69, 96.8, 96.58, 96.74, 96.54, 96.78, 96.96, 96.96, 97.0, 96.89, 96.95, 97.0, 96.84, 96.89, 97.21, 97.1, 97.15, 97.31, 96.94, 97.24, 97.21, 97.01]

[46.22, 66.80666666666667, 74.91333333333333, 78.44, 81.05333333333333, 82.86, 83.87333333333333, 85.68, 86.72, 87.19333333333333, 87.38666666666667, 87.87333333333333, 88.59333333333333, 88.98, 89.34, 89.28, 89.8, 89.95333333333333, 90.26666666666667, 90.32, 90.93333333333334, 91.05333333333333, 91.12666666666667, 91.28666666666666, 91.67333333333333, 91.73333333333333, 91.5, 91.64, 91.85333333333334, 92.16, 92.08666666666667, 91.96666666666667, 92.38666666666667, 92.48666666666666, 92.42, 92.54666666666667, 92.5, 92.73333333333333, 92.62, 92.68, 92.7, 92.96, 92.95333333333333, 93.14666666666666, 93.12666666666667, 93.02666666666667, 93.12666666666667, 93.22666666666667, 93.19333333333333, 93.29333333333334]